a 0.9999999962747097 0.9999999962747097 0.9999999962747097 0.9959999962896108 0.6719310319796211
b 0.2843271884322153 0.5381530563533313 0.3243799605220546 0.8441952852532281 1.0000000409781933
c 0.5094063715822992 0.9999999585561454 0.8068949437281147 0.771324168946595 0.9999999585561454
d 0.03796116540208458 0.9650000089872631 0.9406796204112473 1.0000000093132257 0.9426699116919195
e 0.9999999990686774 0.9999999990686774 0.9999999990686774 0.9213852805271726 0.9999999990686774
f 1.000000013038516 0.31352564511355 0.0 0.03596153893042355 1.000000013038516
g 0.9016400428256058 0.9824400466633927 1.0000000474974513 1.0000000474974513 0.011200000531971451
h 0.29147436277475186 0.7960897539695736 1.000000013038516 1.000000013038516 1.000000013038516
i 0.9999999543651938 0.9999999543651938 0.9999999543651938 0.7955651810858414 0.9999999543651938
j 0.9999999543651938 0.9999999543651938 0.9999999543651938 0.7955651810858414 0.9999999543651938
k 0.21723108217120018 0.9979880775511283 0.9487251278758044 1.0000000298023224 0.9861554078757765
l 0.0 0.9999999881256372 0.9301694804802504 0.9999999881256372 0.0
m 1.0000000121071935 1.0000000121071935 1.0000000121071935 0.9917343293502916 1.0000000121071935
n 0.9999999962747097 0.9999999962747097 0.9806896515190603 0.9999999962747097 0.9999999962747097
o 1.0000000149011612 1.0000000149011612 0.9817500146292136 1.0000000149011612 1.0000000149011612
p 0.6698489419743421 0.9716918419953406 0.8931419931258999 0.9999999990686774 0.9999999990686774
q 0.999999962747097 0.999999962747097 0.999999962747097 0.999999962747097 0.46943773351609663
r 0.6136211594869381 0.45306405915180065 0.999999983003363 0.999999983003363 0.999999983003363
s 1.0000000186264515 1.0000000186264515 1.0000000186264515 1.0000000186264515 1.0000000186264515
t 1.0000000251457095 0.9177819779654947 0.8380075398692878 1.0000000251457095 0.6320676850667226
u 0.2530739299021661 0.4717509726528074 0.9966536962660013 0.9999999997671694 0.9999999997671694
v 0.0 0.3022580555081371 0.8876209412887739 0.9999999701976776 0.9999999701976776
w 0.0 0.0 0.0 0.5311003413074645 1.000000033294782
x 0.7022038668859741 1.0000000144355 1.0000000144355 1.0000000144355 1.0000000144355
y 1.000000019557774 1.000000019557774 1.000000019557774 0.6085588354314677 0.0
z 0.06303030394017692 1.0000000144355 1.0000000144355 1.0000000144355 1.0000000144355
